0,1
E
0,2
0,1
E
0,3
0,2
0,1
E
0,2
0,1
1,1
E
0,4
0,3
0,2
0,1
E
0,1
1,1
1,2
1,3
E
0,3
0,2
0,1
1,2
E
0,2
0,1
1,2
1,1
E
0,2
1,2
1,1
2,1
E
0,5
0,4
0,3
0,2
0,1
E
0,1
1,1
1,2
1,3
1,4
E
0,1
0,2
1,2
1,3
1,4
E
0,1
0,2
1,1
1,2
1,3
E
0,1
1,1
1,2
1,3
0,3
E
0,1
0,2
0,3
1,3
0,4
E
0,1
1,1
2,1
1,2
1,3
E
0,1
0,2
0,3
1,1
2,1
E
0,3
1,3
1,2
2,2
2,1
E
0,3
0,2
1,2
2,2
2,1
E
0,3
0,2
1,2
1,1
2,2
E
0,2
1,1
1,2
1,3
2,2
E